     0/299    0.654G   0.08323   0.02638         0    0.1096        29       640  0.002678    0.7273   0.00204 0.0002536   0.03717   0.02212         0
     1/299     2.62G    0.1118   0.02811         0    0.1399        33       640  0.002851    0.7273   0.00217 0.0002406   0.03717    0.0222         0
     2/299     2.63G   0.08253   0.02844         0     0.111        35       640  0.002924    0.5455  0.002249 0.0002493   0.03711   0.02213         0
     3/299     2.63G   0.08216   0.02952         0    0.1117        35       640  0.002729    0.4545  0.002113 0.0002562     0.037   0.02203         0
     4/299     2.63G   0.08181   0.02647         0    0.1083        28       640  0.002811    0.4545  0.002152 0.0002803   0.03692   0.02189         0
     5/299     2.63G   0.08229   0.02766         0      0.11        32       640  0.002895    0.4545   0.00219 0.0002752   0.03683   0.02175         0
     6/299     2.63G   0.08311   0.02621         0    0.1093        29       640  0.003073    0.9091  0.002902 0.0003985   0.03672   0.02158         0
     7/299     2.63G   0.08144   0.02917         0    0.1106        36       640  0.003237    0.9091  0.002997 0.0003505   0.03662   0.02139         0
     8/299     2.63G   0.07958   0.03096         0    0.1105        38       640  0.003382    0.6364  0.003106 0.0003903    0.0365   0.02121         0
     9/299     2.63G   0.07948   0.02938         0    0.1089        36       640  0.003379    0.9091  0.003196 0.0003519   0.03638   0.02102         0
    10/299     2.63G   0.08143   0.02749         0    0.1089        31       640  0.003534    0.2727  0.003216  0.000413   0.03616   0.02082         0
    11/299     2.63G   0.08048   0.03046         0    0.1109        40       640  0.003545    0.8182  0.003335 0.0004588   0.03586   0.02065         0
    12/299     2.63G   0.07863   0.02624         0    0.1049        31       640  0.004085    0.1818  0.003572 0.0004203    0.0356    0.0205         0
    13/299     2.63G   0.07927   0.02309         0    0.1024        25       640   0.00379    0.8182  0.003218 0.0003922   0.03526   0.02032         0
    14/299     2.63G   0.07801   0.02776         0    0.1058        33       640  0.004341    0.9091  0.004043 0.0004764   0.03496   0.02015         0
    15/299     2.63G    0.1284   0.02629         0    0.1547        31       640  0.003856    0.4545  0.003127 0.0003691   0.03466   0.01998         0
    16/299     2.63G   0.07367   0.02989         0    0.1036        37       640   0.00404    0.4545  0.003612 0.0004224   0.03435   0.01981         0
    17/299     2.63G   0.07706   0.02478         0    0.1018        29       640  0.003899    0.7273  0.003716 0.0004623   0.03404   0.01959         0
    18/299     2.63G   0.07723   0.02444         0    0.1017        27       640  0.004616    0.8182  0.004352 0.0004705   0.03362   0.01939         0
    19/299     2.63G   0.07136   0.02653         0   0.09789        30       640  0.004419    0.4545  0.003368 0.0004723   0.03331   0.01917         0
    20/299     2.63G   0.07615   0.02737         0    0.1035        34       640  0.003458    0.8182  0.003452 0.0005288   0.03304   0.01899         0
    21/299     2.63G   0.07571   0.02593         0    0.1016        33       640  0.003763    0.6364  0.004024 0.0005093    0.0327   0.01878         0
    22/299     2.63G   0.07145   0.02696         0   0.09841        33       640  0.003943    0.6364  0.004114  0.000603   0.03239   0.01859         0
    23/299     2.63G   0.07078   0.02494         0   0.09571        31       640  0.004139    0.6364   0.00374 0.0004795   0.03197    0.0184         0
    24/299     2.63G   0.06913   0.02536         0   0.09449        29       640  0.006416    0.8182  0.006465 0.0007415   0.03135   0.01822         0
    25/299     2.63G   0.07157   0.02406         0   0.09563        26       640  0.006572    0.8182  0.006654 0.0007862   0.03094   0.01809         0
    26/299     2.63G   0.07541   0.02355         0   0.09896        26       640  0.006057    0.7273  0.006587 0.0007514   0.03034   0.01792         0
    27/299     2.63G   0.07041   0.02981         0    0.1002        38       640  0.007318    0.8182  0.007649 0.0009812   0.02975   0.01775         0
    28/299     2.63G   0.06542   0.02977         0   0.09519        38       640  0.007021    0.7273  0.006321  0.001004   0.02959    0.0175         0
    29/299     2.63G    0.0606   0.03299         0   0.09359        40       640  0.009129    0.9091  0.009412  0.001502   0.02988     0.017         0
    30/299     2.63G   0.06564   0.02805         0    0.0937        33       640  0.009039         1  0.009204  0.001289    0.0298   0.01681         0
    31/299     2.63G   0.06076   0.02805         0   0.08881        32       640   0.01082    0.4545   0.01032  0.001735   0.02962   0.01673         0
    32/299     2.63G   0.06046   0.03226         0   0.09272        40       640    0.0122    0.4545   0.01086  0.001671   0.02968   0.01627         0
    33/299     2.63G   0.05593   0.02807         0   0.08401        31       640  0.009579    0.6364  0.009414   0.00152   0.02977   0.01605         0
    34/299     2.63G   0.06143   0.02604         0   0.08747        30       640  0.009399    0.1818  0.009338  0.001407   0.02957   0.01589         0
    35/299     2.63G    0.1105   0.03365         0    0.1442        41       640   0.01031    0.6364   0.01073  0.001489   0.02946   0.01579         0
    36/299     2.63G   0.05544   0.03022         0   0.08566        36       640    0.0126    0.6364   0.01166  0.001853    0.0294   0.01568         0
    37/299     2.63G   0.09963   0.03035         0      0.13        37       640  0.009556    0.7273   0.01013    0.0021   0.02923   0.01595         0
    38/299     2.63G   0.05349   0.02471         0   0.07819        29       640   0.01295    0.3636   0.01054  0.001641   0.02878   0.01621         0
    39/299     2.63G   0.05127   0.03049         0   0.08177        36       640  0.009984    0.5455  0.009827   0.00207   0.02847   0.01623         0
    40/299     2.63G   0.09727     0.029         0    0.1263        34       640  0.008829    0.5455   0.00901  0.001539   0.02826   0.01622         0
    41/299     2.63G   0.05899   0.02887         0   0.08786        34       640  0.007362    0.4545  0.007516  0.001423   0.02792   0.01616         0
    42/299     2.63G   0.06419   0.02446         0   0.08864        31       640  0.009916    0.3615  0.008752  0.001127   0.02736   0.01604         0
    43/299     2.63G   0.06251   0.02644         0   0.08895        31       640   0.01184    0.3636  0.008854  0.001094   0.02719   0.01588         0
    44/299     2.63G   0.05271    0.0246         0   0.07731        29       640  0.006902    0.8182   0.00733 0.0009429   0.02692   0.01581         0
    45/299     2.63G   0.05709   0.03096         0   0.08805        40       640  0.005618    0.7273  0.005078 0.0008892   0.02676   0.01581         0
    46/299     2.63G    0.1039   0.02871         0    0.1326        36       640  0.007206   0.09091  0.007471 0.0009619   0.02661   0.01558         0
    47/299     2.63G   0.05681   0.02754         0   0.08434        32       640  0.009593   0.09091  0.008426  0.001241   0.02643    0.0154         0
    48/299     2.63G   0.06014   0.02558         0   0.08572        30       640   0.01229   0.09091  0.007806  0.001243   0.02632   0.01526         0
    49/299     2.63G   0.08638   0.02811         0    0.1145        32       640  0.006462    0.9091  0.006648  0.000955   0.02693   0.01535         0
    50/299     2.63G   0.04869   0.03148         0   0.08017        35       640  0.006629    0.9091  0.006726 0.0009663   0.02678   0.01525         0
    51/299     2.63G   0.05878   0.02677         0   0.08555        33       640    0.0063   0.09091  0.006243  0.000869   0.02639   0.01519         0
    52/299     2.63G   0.05581   0.02837         0   0.08418        35       640   0.01119    0.1818  0.007406 0.0009567   0.02649   0.01528         0
    53/299     2.63G   0.05469   0.02324         0   0.07793        24       640   0.01303    0.1818  0.008309  0.001044   0.02578   0.01518         0
    54/299     2.63G   0.05685   0.02106         0    0.0779        26       640   0.02869    0.1818   0.01589    0.0027   0.02488   0.01502         0
    55/299     2.63G   0.05092   0.02571         0   0.07662        30       640   0.01948    0.3636   0.01385  0.003104   0.02464   0.01454         0
    56/299     2.63G   0.04639    0.0336         0   0.07999        38       640   0.01754    0.2727   0.01508  0.003003   0.02471   0.01436         0
    57/299     2.63G    0.0541   0.02591         0      0.08        32       640   0.02544    0.1818   0.01705  0.003381   0.02409    0.0142         0
    58/299     2.63G   0.07063   0.02986         0    0.1005        35       640   0.02909    0.1818   0.02269  0.004345     0.024   0.01391         0
    59/299     2.63G   0.05152   0.02365         0   0.07517        27       640   0.03228     0.158   0.02245  0.004688   0.02319   0.01407         0
    60/299     2.63G   0.05394   0.02368         0   0.07762        29       640   0.02123    0.2727   0.01644  0.003437   0.02371   0.01415         0
    61/299     2.63G   0.04871   0.02546         0   0.07417        33       640   0.08875   0.09091   0.02916  0.004258   0.02359   0.01396         0
    62/299     2.63G   0.05732   0.02187         0   0.07919        27       640   0.05225    0.1818   0.02749  0.003844   0.02331   0.01393         0
    63/299     2.63G   0.05312    0.0367         0   0.08982        44       640   0.04953    0.1818   0.03001  0.004149   0.02318   0.01389         0
    64/299     2.63G   0.05059   0.02454         0   0.07513        28       640   0.04282    0.1818   0.02869  0.004333   0.02286   0.01387         0
    65/299     2.63G   0.04668   0.03187         0   0.07855        36       640   0.03676    0.2727   0.02653   0.00436   0.02261   0.01384         0
    66/299     2.63G   0.05489   0.02844         0   0.08333        36       640   0.04744    0.4545   0.03507  0.004572   0.02197   0.01384         0
    67/299     2.63G    0.0473   0.02983         0   0.07712        33       640   0.07522    0.2727   0.03944  0.009227   0.02298   0.01367         0
    68/299     2.63G   0.05176   0.02911         0   0.08088        35       640   0.07696    0.2727   0.03957  0.009427   0.02276   0.01367         0
    69/299     2.63G   0.07677   0.03288         0    0.1096        39       640    0.1522    0.4545    0.1825    0.0269   0.02291   0.01316         0
    70/299     2.63G   0.04859   0.03414         0   0.08273        42       640   0.05587    0.3636   0.03621  0.006913    0.0244   0.01301         0
    71/299     2.63G      0.05   0.02856         0   0.07857        33       640   0.03007    0.1818   0.02019  0.004273   0.02367   0.01311         0
    72/299     2.63G   0.04271   0.02646         0   0.06917        31       640   0.02022    0.1818   0.01803  0.003939   0.02337   0.01306         0
    73/299     2.63G   0.05126   0.02119         0   0.07245        26       640    0.8984   0.09091    0.1164   0.01412   0.02322   0.01297         0
    74/299     2.63G   0.04908   0.03094         0   0.08002        36       640    0.4221   0.09091   0.07153  0.009066   0.02286   0.01293         0
    75/299     2.63G   0.05266   0.02157         0   0.07423        25       640    0.4703   0.09091   0.07495   0.01018   0.02248   0.01291         0
    76/299     2.63G   0.04436   0.02689         0   0.07125        32       640    0.1195    0.1818   0.05328  0.008151    0.0221   0.01287         0
    77/299     2.63G   0.04728   0.02571         0   0.07299        32       640    0.9843   0.09091    0.1278   0.01711    0.0219   0.01288         0
    78/299     2.63G   0.04556   0.03048         0   0.07604        35       640    0.3165   0.09091    0.0623  0.008418   0.02166   0.01292         0
    79/299     2.63G   0.05068   0.02925         0   0.07993        34       640    0.8553   0.09091    0.1266   0.01484   0.02147   0.01292         0
    80/299     2.63G   0.04484   0.02851         0   0.07335        35       640    0.1498    0.1818   0.05818  0.008096   0.02128     0.013         0
    81/299     2.63G   0.04506   0.02231         0   0.06737        26       640   0.07875   0.09091   0.03587  0.005046   0.02127   0.01289         0
    82/299     2.63G   0.04235   0.03043         0   0.07279        34       640    0.1513    0.1818   0.06005   0.01035   0.02148   0.01274         0
    83/299     2.63G   0.04616   0.02935         0   0.07551        37       640     0.152    0.1818   0.08909   0.01907   0.02165   0.01258         0
    84/299     2.63G   0.04028   0.02591         0   0.06618        33       640    0.2767    0.2727    0.1448   0.02895   0.02141   0.01263         0
    85/299     2.63G   0.03997   0.02784         0   0.06781        33       640     0.359    0.2727    0.1709   0.03585   0.02141   0.01258         0
    86/299     2.63G   0.04286   0.03026         0   0.07311        36       640     0.151    0.1818    0.1212     0.031   0.02126    0.0126         0
    87/299     2.63G   0.03903   0.02652         0   0.06556        32       640    0.2103    0.2727    0.1548   0.02915   0.02078   0.01247         0
    88/299     2.63G   0.05183   0.02855         0   0.08038        37       640    0.2185    0.6364    0.2617   0.04634   0.02056   0.01237         0
    89/299     2.63G   0.04064   0.02397         0   0.06461        33       640    0.2819    0.5455    0.2961   0.05391   0.02029   0.01245         0
    90/299     2.63G    0.0444   0.02315         0   0.06755        26       640    0.3934    0.5315    0.3649   0.06985   0.01977   0.01249         0
    91/299     2.63G    0.0452     0.026         0    0.0712        34       640    0.3802    0.6364    0.4597    0.1257   0.01899   0.01254         0
    92/299     2.63G   0.04208   0.03149         0   0.07358        39       640    0.4963     0.538     0.534    0.1271   0.01837   0.01246         0
    93/299     2.63G   0.03475   0.03195         0    0.0667        36       640    0.5214    0.5455    0.5376    0.1305   0.01795   0.01254         0
    94/299     2.63G   0.03987   0.02944         0    0.0693        33       640    0.6271    0.6131    0.5458    0.1255   0.01868   0.01228         0
    95/299     2.63G   0.04308   0.03128         0   0.07437        37       640    0.6302    0.6208    0.5431    0.1185    0.0189   0.01224         0
    96/299     2.63G   0.03715     0.025         0   0.06215        31       640    0.7325    0.5455    0.5359    0.1136   0.01924    0.0121         0
    97/299     2.63G   0.04298   0.02362         0    0.0666        27       640    0.6753    0.5455    0.5698    0.1237   0.01882   0.01223         0
    98/299     2.63G   0.03519   0.02027         0   0.05546        25       640    0.4517    0.5255     0.475    0.1299   0.01861   0.01223         0
    99/299     2.63G   0.03668    0.0288         0   0.06548        34       640    0.4965    0.3636    0.3742    0.1048   0.01897   0.01213         0
   100/299     2.63G   0.03562    0.0284         0   0.06402        34       640    0.4533    0.5455    0.4236   0.08757   0.01872   0.01215         0
   101/299     2.63G   0.04148   0.03006         0   0.07154        35       640    0.4495    0.5455    0.4123    0.1136   0.01814   0.01208         0
   102/299     2.63G   0.03719   0.02494         0   0.06213        33       640    0.6096    0.7273    0.6092    0.1477   0.01739   0.01202         0
   103/299     2.63G   0.03594   0.02511         0   0.06105        31       640    0.6657    0.5434    0.5456    0.1265   0.01801   0.01198         0
   104/299     2.63G   0.03633   0.02824         0   0.06457        32       640    0.4147    0.5455      0.44    0.1324   0.01757     0.012         0
   105/299     2.63G    0.0401    0.0284         0    0.0685        34       640    0.4891    0.5455    0.4935    0.1625   0.01703   0.01206         0
   106/299     2.63G   0.03781   0.03149         0    0.0693        37       640     0.612    0.7273    0.6047      0.16   0.01721   0.01183         0
   107/299     2.63G   0.03838   0.03254         0   0.07092        38       640    0.6003    0.7273    0.5844    0.1859   0.01705   0.01176         0
   108/299     2.63G   0.04024   0.01961         0   0.05984        23       640      0.66    0.7273    0.5965    0.1951     0.016   0.01203         0
   109/299     2.63G   0.04145    0.0282         0   0.06965        33       640     0.691    0.4545    0.5291    0.1663   0.01702   0.01197         0
   110/299     2.63G   0.03702   0.02771         0   0.06473        36       640    0.4617    0.6364    0.4862    0.1046   0.01676    0.0119         0
   111/299     2.63G   0.03981    0.0312         0   0.07101        39       640    0.4636    0.7273    0.4835    0.1075   0.01675   0.01205         0
   112/299     2.63G   0.06145   0.03421         0   0.09566        42       640    0.4487    0.6671    0.5137    0.1175   0.01678   0.01204         0
   113/299     2.63G   0.04151   0.02576         0   0.06726        35       640    0.4398    0.7273     0.456    0.1622   0.01729   0.01218         0
   114/299     2.63G    0.0359   0.03394         0   0.06985        40       640    0.3801    0.7273    0.4239    0.1252   0.01707   0.01211         0
   115/299     2.63G   0.03698    0.0323         0   0.06928        39       640    0.3992     0.725    0.4301    0.1396   0.01667   0.01207         0
   116/299     2.63G   0.03722   0.02867         0   0.06589        36       640    0.3947    0.7273    0.4401    0.1343   0.01641   0.01196         0
   117/299     2.63G   0.03453   0.02477         0    0.0593        32       640    0.4086    0.8182    0.4892    0.1308   0.01649   0.01182         0
   118/299     2.63G   0.03634   0.02084         0   0.05718        27       640    0.4615    0.7273    0.6368    0.1358   0.01692   0.01163         0
   119/299     2.63G    0.0342   0.02232         0   0.05651        27       640    0.6249    0.6078    0.6756    0.1629   0.01697   0.01152         0
   120/299     2.63G   0.03478   0.02841         0   0.06319        37       640    0.7661    0.6364    0.7326    0.1867   0.01654   0.01146         0
   121/299     2.63G   0.03479   0.03056         0   0.06536        37       640     0.796     0.711    0.7648    0.1945   0.01623    0.0115         0
   122/299     2.63G   0.03418   0.02868         0   0.06286        37       640    0.7802    0.7273    0.7596    0.1992   0.01581   0.01153         0
   123/299     2.63G   0.03537   0.03051         0   0.06588        39       640    0.7173    0.7273    0.7544    0.1959    0.0157   0.01152         0
   124/299     2.63G   0.03846   0.02799         0   0.06644        36       640         1    0.6345    0.7655    0.2163    0.0156   0.01152         0
   125/299     2.63G   0.03138   0.02693         0   0.05831        32       640    0.7607    0.6364    0.7239    0.1909   0.01563   0.01137         0
   126/299     2.63G   0.04129   0.02691         0    0.0682        38       640         1    0.5392    0.7458    0.2375   0.01565   0.01123         0
   127/299     2.63G   0.03373   0.02725         0   0.06098        34       640    0.7255    0.6364     0.716    0.2319   0.01538   0.01115         0
   128/299     2.63G   0.03264   0.02571         0   0.05835        33       640    0.6154    0.6364      0.67    0.2387   0.01498   0.01131         0
   129/299     2.63G   0.03583   0.02439         0   0.06022        32       640    0.7748    0.6364    0.7249    0.2961   0.01493   0.01117         0
   130/299     2.63G   0.03821   0.02272         0   0.06093        29       640    0.6987    0.6328    0.6866    0.2616   0.01515   0.01134         0
   131/299     2.63G   0.03451    0.0254         0    0.0599        34       640    0.7188    0.7273    0.6701    0.2604   0.01519   0.01129         0
   132/299     2.63G   0.03313   0.02489         0   0.05802        31       640    0.7992    0.7241    0.7369    0.3158   0.01534   0.01123         0
   133/299     2.63G    0.0377   0.02963         0   0.06733        39       640    0.7273    0.7272    0.7118    0.3031   0.01542   0.01116         0
   134/299     2.63G   0.03321   0.02615         0   0.05936        34       640    0.7739    0.6364    0.7219    0.3205   0.01492   0.01113         0
   135/299     2.63G   0.03687   0.02538         0   0.06225        37       640    0.7768    0.6364    0.7514    0.3228   0.01397   0.01108         0
   136/299     2.63G   0.05465   0.03147         0   0.08612        40       640    0.7244    0.7178     0.809    0.3521   0.01308    0.0109         0
   137/299     2.63G   0.03259   0.02679         0   0.05938        35       640    0.6226    0.9002    0.7848    0.3207   0.01247   0.01068         0
   138/299     2.63G   0.03777    0.0284         0   0.06617        38       640    0.6652    0.9035    0.8332    0.3455   0.01216   0.01074         0
   139/299     2.63G    0.0313   0.02777         0   0.05907        36       640    0.7466    0.8182     0.826    0.3769   0.01173   0.01068         0
   140/299     2.63G   0.03528   0.02646         0   0.06174        38       640    0.7278    0.8182      0.86    0.3765   0.01175   0.01062         0
   141/299     2.63G   0.04848   0.02658         0   0.07506        36       640    0.6427         1    0.8815    0.4467   0.01134    0.0105         0
   142/299     2.63G   0.03029   0.02619         0   0.05648        34       640    0.8128    0.8182    0.8897    0.4703   0.01118   0.01049         0
   143/299     2.63G   0.02977   0.02562         0   0.05539        34       640    0.8304    0.9091    0.9249    0.4683   0.01107   0.01041         0
   144/299     2.63G   0.03054   0.02344         0   0.05398        34       640    0.9089    0.9068    0.9223    0.4861   0.01094   0.01034         0
   145/299     2.63G   0.03605    0.0226         0   0.05865        33       640     0.832    0.9091    0.8904      0.44    0.0111   0.01021         0
   146/299     2.63G   0.03688   0.01972         0    0.0566        28       640    0.6657    0.9091    0.8312    0.4082   0.01085  0.009991         0
   147/299     2.63G   0.03817   0.02493         0    0.0631        35       640    0.6249    0.9091     0.797     0.383   0.01112  0.009902         0
   148/299     2.63G   0.06256   0.02463         0   0.08718        33       640    0.5859    0.9091    0.7645    0.3601   0.01146   0.01022         0
   149/299     2.63G   0.03782   0.01879         0    0.0566        29       640     0.692    0.8182    0.7922    0.4119   0.01277   0.01024         0
   150/299     2.63G   0.03606   0.02471         0   0.06077        36       640    0.7264    0.7243    0.7642    0.3859   0.01273   0.01027         0
   151/299     2.63G   0.03832   0.02353         0   0.06185        34       640    0.7399    0.8182    0.8239    0.3378   0.01199   0.01033         0
   152/299     2.63G   0.02987   0.02373         0    0.0536        34       640    0.6174    0.9091     0.768    0.3623   0.01219   0.01029         0
   153/299     2.63G   0.03092   0.02289         0   0.05381        31       640    0.6197    0.9091    0.7785    0.3934   0.01252   0.01022         0
   154/299     2.63G   0.03594   0.02479         0   0.06073        35       640    0.6164    0.9091    0.7941    0.3848     0.012    0.0102         0
   155/299     2.63G   0.03159   0.02103         0   0.05262        32       640    0.6642    0.8996    0.8023    0.3812   0.01215   0.01022         0
   156/299     2.63G   0.03506   0.02284         0    0.0579        33       640    0.6817    0.8182    0.7943    0.3771   0.01205   0.01017         0
   157/299     2.63G   0.03774    0.0196         0   0.05734        29       640         1    0.5407    0.8086    0.3779   0.01219   0.01015         0
   158/299     2.63G   0.03273   0.03066         0   0.06339        40       640     0.679    0.8182    0.8258    0.3607   0.01221   0.01014         0
   159/299     2.63G    0.0518   0.02694         0   0.07874        39       640    0.6915    0.8154     0.821    0.3622   0.01324   0.01035         0
   160/299     2.63G   0.03355   0.02557         0   0.05913        38       640    0.6414    0.8182    0.7668    0.3308   0.01402   0.01026         0
   161/299     2.63G   0.02905   0.02341         0   0.05247        35       640    0.6894    0.8182    0.7692     0.378   0.01371   0.01005         0
   162/299     2.63G   0.03361   0.02089         0    0.0545        32       640    0.9992    0.7273    0.8866     0.461   0.01178  0.009926         0
   163/299     2.63G   0.02699   0.02427         0   0.05126        37       640    0.8141    0.8182    0.8593    0.4645   0.01097  0.009841         0
   164/299     2.63G   0.03203    0.0286         0   0.06063        40       640    0.6464    0.9972    0.8529    0.4163   0.01157  0.009784         0
   165/299     2.63G   0.03271   0.02642         0   0.05913        39       640    0.7326    0.9966    0.8563    0.4512   0.01183  0.009745         0
   166/299     2.63G   0.02907   0.02336         0   0.05243        32       640    0.6106         1    0.8271    0.4326   0.01222  0.009785         0
   167/299     2.63G   0.02833   0.02557         0    0.0539        38       640    0.6106         1    0.8271    0.4326   0.01222  0.009785         0
   168/299     2.64G   0.02684    0.0225         0   0.04934        35       640    0.5771    0.9928    0.7649    0.3923   0.01278  0.009743         0
   169/299     2.64G   0.02891   0.02537         0   0.05427        38       640    0.5771    0.9928    0.7649    0.3923   0.01278  0.009743         0
   170/299     2.64G   0.03044   0.02522         0   0.05566        38       640    0.6425    0.8182    0.7703    0.3833   0.01302  0.009731         0
   171/299     2.64G    0.0283   0.02286         0   0.05117        34       640    0.6425    0.8182    0.7703    0.3833   0.01302  0.009731         0
   172/299     2.64G    0.0327   0.02277         0   0.05547        34       640    0.6655    0.9091    0.7717    0.3867   0.01324  0.009647         0
   173/299     2.64G   0.05024   0.02237         0   0.07261        34       640    0.6655    0.9091    0.7717    0.3867   0.01324  0.009647         0
   174/299     2.64G   0.03074   0.02449         0   0.05523        35       640    0.5866    0.9091    0.7522    0.3396   0.01227    0.0097         0
   175/299     2.64G   0.02655   0.02144         0     0.048        30       640    0.5866    0.9091    0.7522    0.3396   0.01227    0.0097         0
   176/299     2.64G   0.02931   0.02461         0   0.05391        37       640    0.6072    0.9843    0.8075    0.3904   0.01258  0.009696         0
   177/299     2.64G   0.04586   0.02482         0   0.07068        36       640    0.6072    0.9843    0.8075    0.3904   0.01258  0.009696         0
   178/299     2.64G   0.03458   0.01772         0    0.0523        27       640    0.7495    0.8162    0.8497     0.404   0.01198  0.009064         0
   179/299     2.64G   0.02859   0.02444         0   0.05304        38       640    0.7495    0.8162    0.8497     0.404   0.01198  0.009064         0
   180/299     2.64G   0.03105   0.02972         0   0.06077        44       640     0.769    0.9079    0.8977    0.4546   0.01116  0.009025         0
   181/299     2.64G   0.03048   0.02325         0   0.05372        32       640     0.769    0.9079    0.8977    0.4546   0.01116  0.009025         0
   182/299     2.64G   0.02956   0.02215         0   0.05171        35       640    0.7475    0.9091    0.8977    0.4725   0.01082  0.009006         0
   183/299     2.64G   0.03274   0.02112         0   0.05386        30       640    0.7475    0.9091    0.8977    0.4725   0.01082  0.009006         0
   184/299     2.64G   0.05001   0.02407         0   0.07408        36       640     0.833    0.9071    0.8546    0.4434   0.01086  0.008994         0
   185/299     2.64G   0.03219   0.02415         0   0.05635        39       640     0.833    0.9071    0.8546    0.4434   0.01086  0.008994         0
   186/299     2.64G   0.02738   0.01863         0   0.04601        30       640     0.886    0.9091     0.906     0.433   0.01188  0.009053         0
   187/299     2.64G   0.02702   0.02336         0   0.05038        37       640     0.886    0.9091     0.906     0.433   0.01188  0.009053         0
   188/299     2.64G   0.02947   0.02286         0   0.05233        36       640    0.8166    0.8182    0.8456    0.4372   0.01165  0.008991         0
   189/299     2.64G   0.04328   0.02455         0   0.06784        36       640    0.8166    0.8182    0.8456    0.4372   0.01165  0.008991         0
   190/299     2.64G   0.07236    0.0201         0   0.09246        31       640    0.8182    0.8182    0.8819    0.4904   0.01117  0.008991         0
   191/299     2.64G   0.03383   0.02272         0   0.05656        33       640    0.8182    0.8182    0.8819    0.4904   0.01117  0.008991         0
   192/299     2.64G   0.03301   0.02069         0   0.05371        31       640    0.7684    0.9091    0.8826    0.4662   0.01128  0.008912         0
   193/299     2.64G   0.02647    0.0199         0   0.04637        33       640    0.7684    0.9091    0.8826    0.4662   0.01128  0.008912         0
   194/299     2.64G   0.03073   0.02551         0   0.05625        40       640    0.8996    0.8182    0.9022    0.5209   0.01047  0.008961         0
   195/299     2.64G   0.02725   0.01915         0   0.04641        28       640    0.8996    0.8182    0.9022    0.5209   0.01047  0.008961         0
   196/299     2.64G   0.03183   0.02378         0   0.05561        35       640    0.8998    0.8169    0.9003    0.4979   0.01041  0.008949         0
   197/299     2.64G   0.02589   0.01872         0   0.04462        29       640    0.8998    0.8169    0.9003    0.4979   0.01041  0.008949         0
   198/299     2.64G   0.02633   0.02417         0    0.0505        36       640    0.8992    0.8182    0.8994    0.5074    0.0103  0.008938         0
   199/299     2.64G   0.02911   0.02579         0   0.05491        40       640    0.8992    0.8182    0.8994    0.5074    0.0103  0.008938         0
   200/299     2.64G   0.02962    0.0237         0   0.05332        36       640    0.8331    0.9091     0.904     0.528   0.01028  0.008886         0
   201/299     2.64G   0.02899    0.0183         0    0.0473        29       640    0.8331    0.9091     0.904     0.528   0.01028  0.008886         0
   202/299     2.64G   0.02881   0.02355         0   0.05236        34       640    0.8993    0.8182    0.8874    0.5257   0.01039  0.008849         0
   203/299     2.64G   0.02725   0.02055         0    0.0478        31       640    0.8993    0.8182    0.8874    0.5257   0.01039  0.008849         0
   204/299     2.64G   0.02313   0.02034         0   0.04347        32       640    0.8994    0.8182    0.8916    0.5261  0.009802   0.00877         0
   205/299     2.64G   0.02502   0.02246         0   0.04749        33       640    0.8994    0.8182    0.8916    0.5261  0.009802   0.00877         0
   206/299     2.64G   0.06039   0.02118         0   0.08157        34       640     0.817    0.8182    0.8058    0.3734   0.01112  0.008798         0
   207/299     2.64G   0.02496    0.0218         0   0.04677        33       640     0.817    0.8182    0.8058    0.3734   0.01112  0.008798         0
   208/299     2.64G   0.03067   0.02224         0   0.05291        36       640    0.8137    0.8182    0.8121    0.3016   0.01473  0.008556         0
   209/299     2.64G   0.02905   0.01977         0   0.04883        36       640    0.8137    0.8182    0.8121    0.3016   0.01473  0.008556         0
   210/299     2.64G   0.04928   0.02084         0   0.07012        32       640    0.5298    0.7273    0.6486    0.2316   0.01748  0.008343         0
   211/299     2.64G   0.02865   0.02212         0   0.05077        35       640    0.5298    0.7273    0.6486    0.2316   0.01748  0.008343         0
   212/299     2.64G    0.0321   0.01887         0   0.05097        31       640    0.4665    0.6364    0.5735    0.2278   0.01752  0.008383         0
   213/299     2.64G   0.03092   0.02054         0   0.05146        36       640    0.4665    0.6364    0.5735    0.2278   0.01752  0.008383         0
   214/299     2.64G   0.03573   0.02062         0   0.05635        34       640    0.4981    0.8182    0.5996    0.2357   0.01823  0.008412         0
   215/299     2.64G    0.0298   0.02156         0   0.05136        33       640    0.4981    0.8182    0.5996    0.2357   0.01823  0.008412         0
   216/299     2.64G   0.02828   0.02072         0   0.04899        34       640    0.6356    0.6344    0.6823    0.2556   0.01741  0.008513         0
   217/299     2.64G   0.02808   0.02401         0   0.05209        38       640    0.6356    0.6344    0.6823    0.2556   0.01741  0.008513         0
   218/299     2.64G   0.03215   0.02245         0   0.05459        38       640    0.8566    0.5434    0.7532    0.2703   0.01715  0.008546         0
   219/299     2.64G   0.02728    0.0225         0   0.04979        38       640    0.8566    0.5434    0.7532    0.2703   0.01715  0.008546         0
   220/299     2.64G   0.02707   0.01904         0    0.0461        31       640    0.5248    0.8182    0.6992    0.2651   0.01633  0.008569         0
   221/299     2.64G   0.02562   0.02078         0    0.0464        38       640    0.5248    0.8182    0.6992    0.2651   0.01633  0.008569         0
   222/299     2.64G   0.02863   0.02094         0   0.04957        32       640    0.9997    0.5455     0.734    0.2435   0.01606  0.008552         0
   223/299     2.64G   0.02873   0.02103         0   0.04976        32       640    0.9997    0.5455     0.734    0.2435   0.01606  0.008552         0
   224/299     2.64G   0.02824   0.01673         0   0.04497        25       640    0.8568    0.5442    0.7016    0.2572   0.01594  0.008541         0
   225/299     2.64G   0.03013   0.02305         0   0.05318        39       640    0.8568    0.5442    0.7016    0.2572   0.01594  0.008541         0
   226/299     2.64G    0.0332   0.02063         0   0.05383        35       640    0.8742    0.6364    0.7352     0.292   0.01546  0.008489         0
   227/299     2.64G   0.02634   0.02081         0   0.04715        32       640    0.8742    0.6364    0.7352     0.292   0.01546  0.008489         0
   228/299     2.64G   0.02412   0.01506         0   0.03918        22       640    0.8749    0.6364    0.7371    0.2954    0.0158  0.008387         0
   229/299     2.64G   0.04395   0.02149         0   0.06544        35       640    0.8749    0.6364    0.7371    0.2954    0.0158  0.008387         0
   230/299     2.64G   0.02635   0.01853         0   0.04488        30       640    0.7272     0.727    0.7744    0.3321   0.01538  0.008314         0
   231/299     2.64G   0.03033   0.01849         0   0.04881        28       640    0.7272     0.727    0.7744    0.3321   0.01538  0.008314         0
   232/299     2.64G   0.02765   0.02068         0   0.04833        30       640    0.5988    0.8144    0.7522    0.3523   0.01473  0.008269         0
   233/299     2.64G   0.02881     0.016         0   0.04482        24       640    0.5988    0.8144    0.7522    0.3523   0.01473  0.008269         0
   234/299     2.64G   0.02569   0.02074         0   0.04643        34       640     0.726     0.723    0.7603    0.3572   0.01455  0.008139         0
   235/299     2.64G   0.02561   0.02053         0   0.04614        34       640     0.726     0.723    0.7603    0.3572   0.01455  0.008139         0
   236/299     2.64G   0.03363   0.02356         0   0.05719        37       640    0.7988    0.7273    0.7819    0.3517   0.01394  0.008109         0
   237/299     2.64G   0.02388   0.01972         0    0.0436        34       640    0.7988    0.7273    0.7819    0.3517   0.01394  0.008109         0
   238/299     2.64G   0.02877   0.01928         0   0.04805        31       640    0.6654    0.9042    0.8377    0.3914   0.01312  0.008193         0
   239/299     2.64G   0.03304   0.01796         0   0.05099        30       640    0.6654    0.9042    0.8377    0.3914   0.01312  0.008193         0
   240/299     2.64G   0.02997   0.02136         0   0.05132        36       640     0.647         1    0.8415    0.4769   0.01277  0.008134         0
   241/299     2.64G   0.02646    0.0236         0   0.05007        34       640     0.647         1    0.8415    0.4769   0.01277  0.008134         0
   242/299     2.64G   0.02661   0.01807         0   0.04469        30       640    0.6867         1    0.8906    0.5209   0.01257  0.008066         0
   243/299     2.64G   0.02702   0.01723         0   0.04425        30       640    0.6867         1    0.8906    0.5209   0.01257  0.008066         0
   244/299     2.64G   0.03163   0.01987         0    0.0515        34       640         1    0.8181     0.947    0.5388   0.01142  0.007988         0
   245/299     2.64G   0.02457    0.0221         0   0.04668        34       640         1    0.8181     0.947    0.5388   0.01142  0.007988         0
   246/299     2.64G   0.03247   0.01694         0   0.04941        26       640    0.7853    0.9979    0.9401    0.5579   0.01107  0.007916         0
   247/299     2.64G    0.0283   0.01895         0   0.04724        32       640    0.7853    0.9979    0.9401    0.5579   0.01107  0.007916         0
   248/299     2.64G   0.02881   0.02126         0   0.05007        33       640    0.8461    0.9997    0.9535    0.5635   0.01094  0.007869         0
   249/299     2.64G   0.02786   0.02125         0    0.0491        33       640    0.8461    0.9997    0.9535    0.5635   0.01094  0.007869         0
   250/299     2.64G   0.04949   0.02147         0   0.07096        34       640    0.8452    0.9933    0.9535    0.5658   0.01102  0.007806         0
   251/299     2.64G   0.05062   0.02067         0   0.07129        34       640    0.8452    0.9933    0.9535    0.5658   0.01102  0.007806         0
   252/299     2.64G   0.02989   0.02054         0   0.05043        34       640     0.846    0.9991     0.973    0.5725   0.01083  0.007719         0
   253/299     2.64G   0.02766   0.02234         0      0.05        38       640     0.846    0.9991     0.973    0.5725   0.01083  0.007719         0
   254/299     2.64G   0.02516   0.02081         0   0.04597        37       640    0.8461         1     0.973    0.6011   0.01053  0.007639         0
   255/299     2.64G   0.02503   0.01919         0   0.04422        32       640    0.8461         1     0.973    0.6011   0.01053  0.007639         0
   256/299     2.64G   0.02639   0.02178         0   0.04817        37       640    0.9152         1    0.9875    0.6065   0.01031  0.007609         0
   257/299     2.64G    0.0255   0.02034         0   0.04584        34       640    0.9152         1    0.9875    0.6065   0.01031  0.007609         0
   258/299     2.64G   0.02857   0.02103         0    0.0496        36       640         1     0.908    0.9812    0.6146   0.01018  0.007565         0
   259/299     2.64G   0.02678   0.01934         0   0.04612        31       640         1     0.908    0.9812    0.6146   0.01018  0.007565         0
   260/299     2.64G   0.02695   0.02216         0   0.04911        33       640         1    0.9073    0.9669    0.5986   0.01042  0.007516         0
   261/299     2.64G   0.02913   0.01993         0   0.04907        36       640         1    0.9073    0.9669    0.5986   0.01042  0.007516         0
   262/299     2.64G   0.03208   0.02347         0   0.05555        38       640         1    0.9074    0.9633    0.6209  0.009945  0.007446         0
   263/299     2.64G   0.02404   0.02297         0   0.04701        38       640         1    0.9074    0.9633    0.6209  0.009945  0.007446         0
   264/299     2.64G   0.02511   0.01675         0   0.04186        31       640         1    0.9082      0.96    0.6251  0.009702  0.007398         0
   265/299     2.64G   0.02798   0.01818         0   0.04616        28       640         1    0.9082      0.96    0.6251  0.009702  0.007398         0
   266/299     2.64G   0.02846   0.02159         0   0.05005        32       640         1    0.8181     0.945     0.653  0.009754  0.007382         0
   267/299     2.64G   0.02352   0.02011         0   0.04363        32       640         1    0.8181     0.945     0.653  0.009754  0.007382         0
   268/299     2.64G    0.0257    0.0214         0    0.0471        37       640    0.9052    0.9091    0.9489    0.6541   0.00973  0.007321         0
   269/299     2.64G   0.02518   0.01924         0   0.04442        31       640    0.9052    0.9091    0.9489    0.6541   0.00973  0.007321         0
   270/299     2.64G   0.02828   0.02358         0   0.05186        37       640     0.909     0.908    0.9551    0.6534  0.009703    0.0073         0
   271/299     2.64G   0.03099   0.01821         0    0.0492        31       640     0.909     0.908    0.9551    0.6534  0.009703    0.0073         0
   272/299     2.64G   0.02442   0.01979         0    0.0442        35       640         1    0.9075    0.9633    0.6144   0.01009  0.007206         0
   273/299     2.64G   0.03081   0.01977         0   0.05058        35       640         1    0.9075    0.9633    0.6144   0.01009  0.007206         0
   274/299     2.64G   0.02828   0.02137         0   0.04965        37       640    0.9998    0.9091    0.9669    0.6433  0.009534  0.007173         0
   275/299     2.64G   0.02654    0.0228         0   0.04934        38       640    0.9998    0.9091    0.9669    0.6433  0.009534  0.007173         0
   276/299     2.64G    0.0249   0.01943         0   0.04434        32       640    0.9997    0.9091     0.971    0.6729  0.009444  0.007159         0
   277/299     2.64G   0.02344   0.02234         0   0.04578        36       640    0.9997    0.9091     0.971    0.6729  0.009444  0.007159         0
   278/299     2.64G   0.03238   0.01965         0   0.05204        35       640         1    0.9082      0.96    0.6132      0.01  0.007141         0
   279/299     2.64G   0.03115   0.02029         0   0.05144        30       640         1    0.9082      0.96    0.6132      0.01  0.007141         0
   280/299     2.64G   0.03027   0.01937         0   0.04964        33       640    0.9979    0.9091    0.9633    0.6598  0.009749  0.007128         0
   281/299     2.64G   0.02297   0.02069         0   0.04366        34       640    0.9979    0.9091    0.9633    0.6598  0.009749  0.007128         0
   282/299     2.64G   0.02972   0.01489         0   0.04461        28       640    0.9991    0.9091    0.9571    0.6644   0.00986  0.007083         0
   283/299     2.64G     0.027   0.02476         0   0.05177        40       640    0.9991    0.9091    0.9571    0.6644   0.00986  0.007083         0
   284/299     2.64G   0.02682   0.02343         0   0.05025        36       640    0.9998    0.9091    0.9633    0.7005  0.009883  0.007036         0
   285/299     2.64G    0.0241   0.01813         0   0.04222        30       640    0.9998    0.9091    0.9633    0.7005  0.009883  0.007036         0
   286/299     2.64G   0.02858   0.02217         0   0.05075        36       640    0.9996    0.9091     0.971    0.6422  0.009981  0.007039         0
   287/299     2.64G   0.02629   0.01824         0   0.04453        32       640    0.9996    0.9091     0.971    0.6422  0.009981  0.007039         0
   288/299     2.64G    0.0283   0.01915         0   0.04745        32       640    0.9981    0.9091    0.9669    0.6744   0.01024  0.006999         0
   289/299     2.64G   0.02399   0.01592         0   0.03992        26       640    0.9981    0.9091    0.9669    0.6744   0.01024  0.006999         0
   290/299     2.64G    0.0307   0.01896         0   0.04965        31       640         1    0.9068    0.9633     0.672   0.01039  0.006993         0
   291/299     2.64G    0.0293   0.02026         0   0.04956        31       640         1    0.9068    0.9633     0.672   0.01039  0.006993         0
   292/299     2.64G   0.02788   0.02484         0   0.05272        40       640    0.9991    0.9091    0.9757     0.723  0.009713  0.007017         0
   293/299     2.64G   0.02563   0.02156         0   0.04719        35       640    0.9991    0.9091    0.9757     0.723  0.009713  0.007017         0
   294/299     2.64G    0.0244   0.02244         0   0.04685        39       640    0.9999    0.9091    0.9757    0.7115  0.009971  0.007018         0
   295/299     2.64G   0.03895   0.02246         0   0.06141        37       640    0.9999    0.9091    0.9757    0.7115  0.009971  0.007018         0
   296/299     2.64G    0.0437   0.02769         0   0.07139        44       640    0.9996    0.9091    0.9812    0.7309  0.009904   0.00702         0
   297/299     2.64G    0.0396   0.02476         0   0.06436        40       640    0.9996    0.9091    0.9812    0.7309  0.009904   0.00702         0
   298/299     2.64G   0.02802   0.02006         0   0.04807        33       640    0.9991    0.9091    0.9812    0.7194  0.009872  0.006984         0
   299/299     2.64G    0.0279   0.01616         0   0.04406        26       640    0.9991    0.9091    0.9812    0.7194  0.009872  0.006984         0
