      0/19    0.747G   0.09888   0.02134         0    0.1202         7       640  0.001068       0.5 0.0008299 0.0001409   0.03577   0.02081         0
      1/19     2.52G   0.08515   0.02281         0     0.108        12       640  0.001184       0.5 0.0008568  0.000145   0.03577   0.02072         0
      2/19     2.52G   0.08045    0.0228         0    0.1032        11       640  0.001205       0.5  0.000886 0.0001489   0.03571    0.0206         0
      3/19     2.52G   0.08364   0.02381         0    0.1074        14       640   0.00115       0.5 0.0006105 0.0001221    0.0356   0.02044         0
      4/19     2.52G   0.08537   0.02246         0    0.1078        13       640  0.001196       0.5 0.0006391 9.107e-05   0.03547   0.02023         0
      5/19     2.52G   0.08385    0.0222         0     0.106        12       640  0.001243       0.5 0.0006506 9.226e-05   0.03541   0.02001         0
      6/19     2.52G   0.08548   0.02081         0    0.1063         9       640  0.001317       0.5 0.0006921 0.0001384   0.03531   0.01976         0
      7/19     2.52G   0.07896   0.02096         0   0.09991         9       640  0.001376       0.5 0.0007107 0.0001421   0.03516   0.01957         0
      8/19     2.52G   0.08162   0.02261         0    0.1042        13       640  0.001443       0.5 0.0007399  0.000148   0.03509   0.01935         0
      9/19     2.52G   0.08389   0.02212         0     0.106        13       640   0.00138       0.5  0.001049 0.0001522    0.0349   0.01914         0
     10/19     2.52G   0.09524   0.01937         0    0.1146         7       640  0.001447       0.5  0.001079 0.0001473   0.03463   0.01889         0
     11/19     2.52G   0.08212   0.02258         0    0.1047        15       640  0.001543       0.5  0.001473 0.0001886   0.03441   0.01867         0
     12/19     2.52G   0.08257   0.02086         0    0.1034        11       640  0.001622       0.5  0.001136 0.0001564   0.03414   0.01845         0
     13/19     2.52G   0.08045   0.02038         0    0.1008        13       640  0.001551       0.5  0.001191 0.0001642   0.03375   0.01819         0
     14/19     2.52G   0.08352    0.0191         0    0.1026         8       640   0.00199      0.75  0.002077 0.0002543   0.03351   0.01797         0
     15/19     2.52G   0.08353   0.01893         0    0.1025         7       640  0.002043      0.75  0.002055 0.0002267   0.03328   0.01777         0
     16/19     2.52G   0.07192   0.02186         0   0.09378        15       640  0.001616       0.5  0.001272 0.0001777   0.03313   0.01758         0
     17/19     2.52G    0.0786   0.01935         0   0.09795        10       640  0.002282      0.75  0.002377 0.0002914    0.0329   0.01734         0
     18/19     2.52G   0.08338   0.01863         0     0.102         7       640  0.002409      0.75  0.002407 0.0002644   0.03267   0.01709         0
     19/19     2.52G   0.07438   0.01984         0   0.09422        13       640  0.002635      0.75  0.002552 0.0003462   0.03258   0.01671         0
