      0/19    0.768G   0.09888   0.02134         0    0.1202         7       640  0.001067       0.5  0.000829 0.0001407   0.03576   0.02081         0
      1/19     2.51G   0.08516   0.02281         0     0.108        12       640  0.001185       0.5 0.0008564 0.0001451   0.03577   0.02072         0
      2/19     2.51G   0.08045    0.0228         0    0.1032        11       640  0.001212       0.5 0.0008883 0.0001495   0.03573   0.02059         0
      3/19     2.51G   0.08365    0.0238         0    0.1075        14       640  0.001155       0.5 0.0006164 0.0001233    0.0356   0.02043         0
      4/19     2.51G   0.08533   0.02247         0    0.1078        13       640  0.001195       0.5 0.0006399 9.145e-05   0.03548   0.02023         0
      5/19     2.51G   0.08383   0.02221         0     0.106        12       640  0.001255       0.5 0.0006617 9.331e-05   0.03542      0.02         0
      6/19     2.51G    0.0855   0.02081         0    0.1063         9       640  0.001336       0.5 0.0007032 0.0001406   0.03534   0.01975         0
      7/19     2.51G   0.07894   0.02096         0    0.0999         9       640  0.001389       0.5 0.0007209 0.0001442    0.0352   0.01956         0
      8/19     2.51G   0.08157   0.02261         0    0.1042        13       640  0.001463       0.5 0.0007532 9.412e-05   0.03509   0.01934         0
      9/19     2.51G   0.08387   0.02212         0     0.106        13       640  0.001551       0.5 0.0007801 9.747e-05   0.03492   0.01912         0
     10/19     2.51G   0.09512   0.01937         0    0.1145         7       640  0.001473       0.5  0.001103 0.0001503   0.03463   0.01888         0
     11/19     2.51G   0.08214   0.02258         0    0.1047        15       640  0.001563       0.5   0.00149 0.0001905   0.03441   0.01865         0
     12/19     2.51G   0.08258   0.02086         0    0.1034        11       640  0.001646       0.5  0.001157 0.0001589   0.03413   0.01844         0
     13/19     2.51G   0.08042   0.02037         0    0.1008        13       640  0.001596       0.5  0.001226 0.0001678   0.03376   0.01815         0
     14/19     2.51G   0.08352   0.01911         0    0.1026         8       640  0.002025      0.75  0.001625 0.0001851   0.03351   0.01792         0
     15/19     2.51G   0.08359   0.01893         0    0.1025         7       640  0.002119      0.75  0.002097 0.0002322    0.0333   0.01772         0
     16/19     2.51G   0.07188   0.02189         0   0.09377        15       640   0.00221      0.75  0.002169 0.0002405   0.03314   0.01751         0
     17/19     2.51G   0.07844   0.01936         0    0.0978        10       640  0.002321      0.75  0.002275 0.0002515   0.03292   0.01725         0
     18/19     2.51G   0.08332   0.01864         0     0.102         7       640  0.002472      0.75  0.002383 0.0002627   0.03271   0.01702         0
     19/19     2.51G   0.07438   0.01986         0   0.09424        13       640  0.002427      0.75  0.002469 0.0002745   0.03261   0.01659         0
