     0/299    0.648G   0.08322   0.02638         0    0.1096        29       640  0.002678    0.7273  0.002037 0.0002532   0.03716   0.02212         0
     1/299     2.65G    0.1118    0.0281         0    0.1399        33       640  0.002852    0.7273  0.002171 0.0002407   0.03717    0.0222         0
     2/299     2.66G   0.08251   0.02844         0     0.111        35       640   0.00293    0.5455  0.002259 0.0002502    0.0371   0.02213         0
     3/299     2.66G   0.08216   0.02953         0    0.1117        35       640  0.002733    0.4545  0.002112 0.0002562     0.037   0.02203         0
     4/299     2.66G   0.08181   0.02647         0    0.1083        28       640  0.002813    0.4545  0.002152 0.0002803   0.03693   0.02189         0
     5/299     2.66G   0.08228   0.02766         0    0.1099        32       640  0.002895    0.4545  0.002196 0.0002757   0.03683   0.02175         0
     6/299     2.66G   0.08311   0.02621         0    0.1093        29       640  0.003072    0.9091  0.002901 0.0003983   0.03672   0.02158         0
     7/299     2.66G   0.08143   0.02917         0    0.1106        36       640  0.003122    0.8182  0.002988 0.0003494   0.03662   0.02139         0
     8/299     2.66G   0.07958   0.03095         0    0.1105        38       640  0.003372    0.6364   0.00311 0.0003908    0.0365   0.02121         0
     9/299     2.66G   0.07948   0.02938         0    0.1089        36       640  0.003381    0.9091    0.0032 0.0003524   0.03638   0.02102         0
    10/299     2.66G   0.08143   0.02749         0    0.1089        31       640   0.00353    0.2727  0.003214 0.0004127   0.03616   0.02082         0
    11/299     2.66G   0.08048   0.03047         0    0.1109        40       640  0.003542    0.8182  0.003327 0.0004576   0.03587   0.02065         0
    12/299     2.66G   0.07867   0.02624         0    0.1049        31       640  0.003881    0.1818  0.003566 0.0004195    0.0356    0.0205         0
    13/299     2.66G   0.07927   0.02309         0    0.1024        25       640   0.00378    0.8182  0.003221  0.000392   0.03526   0.02033         0
    14/299     2.66G   0.07798   0.02776         0    0.1057        33       640  0.004445    0.5455  0.004091 0.0004817   0.03496   0.02016         0
    15/299     2.66G    0.1284   0.02632         0    0.1547        31       640  0.003841    0.4545  0.003125 0.0003688   0.03468      0.02         0
    16/299     2.66G   0.07369   0.02988         0    0.1036        37       640  0.003225    0.6364  0.002766 0.0003377   0.03436   0.01983         0
    17/299     2.66G   0.07716   0.02476         0    0.1019        29       640  0.003787    0.7273  0.003287 0.0003621   0.03408   0.01964         0
    18/299     2.66G   0.07727   0.02442         0    0.1017        27       640  0.004249    0.5455  0.003369 0.0003982   0.03371   0.01947         0
    19/299     2.66G   0.07197    0.0264         0   0.09837        30       640  0.004464    0.5455  0.003425 0.0004052   0.03344   0.01926         0
    20/299     2.66G   0.07662   0.02727         0    0.1039        34       640  0.003823    0.7273  0.003099 0.0004023   0.03316   0.01908         0
    21/299     2.66G   0.07571   0.02586         0    0.1016        33       640  0.003702    0.4545  0.003166 0.0004059   0.03288   0.01887         0
    22/299     2.66G   0.07124   0.02693         0   0.09817        33       640  0.004001    0.9091  0.003658 0.0004577   0.03259    0.0187         0
    23/299     2.66G   0.07113   0.02493         0   0.09606        31       640  0.003592    0.4545  0.003517 0.0004164   0.03227    0.0185         0
    24/299     2.66G   0.06969   0.02521         0   0.09491        29       640  0.004354    0.9091  0.003988 0.0005068   0.03195   0.01833         0
    25/299     2.66G   0.07145   0.02406         0   0.09551        26       640  0.005428    0.7273  0.005387 0.0005979   0.03163   0.01819         0
    26/299     2.66G   0.07557   0.02346         0   0.09903        26       640  0.005472    0.5455  0.004794 0.0005437    0.0313   0.01802         0
    27/299     2.66G   0.07072   0.02969         0    0.1004        38       640  0.005691    0.7273   0.00573 0.0006849   0.03081   0.01788         0
    28/299     2.66G   0.06491   0.02985         0   0.09475        38       640  0.007574    0.7273  0.007723  0.000805   0.03042   0.01775         0
    29/299     2.66G   0.06056   0.03309         0   0.09365        40       640  0.006919    0.7273   0.00697 0.0008147   0.03024   0.01754         0
